0  1  q  1  1
0  2  w  1  2
0  3  e  1  3
0  4  r  1  4
0  5  t  1  5
0  6  y  1  6
0  7  u  1  7
0  8  i  1  8
0  9  o  1  9
0  10  p  1  10
0  11  a  1  11
0  12  s  1  12
0  13  d  1  13
0  14  f  1  14
0  15  g  1  15
0  16  h  1  16
0  17  j  1  17
0  18  k  1  18
0  19  l  1  19
0  20  z  1  20
0  21  x  1  21
0  22  c  1  22
0  23  v  1  23
0  24  b  1  24
0  25  n  1  25
0  26  m  1  26
0  27  1  1  27
0  28  2  1  28
0  29  3  1  29
0  30  4  1  30
0  31  5  1  31
0  32  6  1  32
0  33  7  1  33
0  34  8  1  34
0  35  9  1  35
0  36  -  1  36
0  37  =  1  37
0  38  +  1  38
0  39  /  1  39
0  40  <  1  40
0  41  >  1  41
1  42  q  1  42
1  43  w  1  43
1  44  e  1  44
1  45  r  1  45
1  46  t  1  46
1  47  y  1  47
1  48  u  1  48
1  49  i  1  49
1  50  o  1  50
1  51  p  1  51
1  52  a  1  52
1  53  s  1  53
1  54  d  1  54
1  55  f  1  55
1  56  g  1  56
1  57  h  1  57
1  58  j  1  58
1  59  k  1  59
1  60  l  1  60
1  61  z  1  61
1  62  x  1  62
1  63  c  1  63
1  64  v  1  64
1  65  b  1  65
1  66  n  1  66
1  67  m  1  67
2  42  q  1  42
2  43  w  1  43
2  44  e  1  44
2  45  r  1  45
2  46  t  1  46
2  47  y  1  47
2  48  u  1  48
2  49  i  1  49
2  50  o  1  50
2  51  p  1  51
2  52  a  1  52
2  53  s  1  53
2  54  d  1  54
2  55  f  1  55
2  56  g  1  56
2  57  h  1  57
2  58  j  1  58
2  59  k  1  59
2  60  l  1  60
2  61  z  1  61
2  62  x  1  62
2  63  c  1  63
2  64  v  1  64
2  65  b  1  65
2  66  n  1  66
2  67  m  1  67
3  42  q  1  42
3  43  w  1  43
3  44  e  1  44
3  45  r  1  45
3  46  t  1  46
3  47  y  1  47
3  48  u  1  48
3  49  i  1  49
3  50  o  1  50
3  51  p  1  51
3  52  a  1  52
3  53  s  1  53
3  54  d  1  54
3  55  f  1  55
3  56  g  1  56
3  57  h  1  57
3  58  j  1  58
3  59  k  1  59
3  60  l  1  60
3  61  z  1  61
3  62  x  1  62
3  63  c  1  63
3  64  v  1  64
3  65  b  1  65
3  66  n  1  66
3  67  m  1  67
4  42  q  1  42
4  43  w  1  43
4  44  e  1  44
4  45  r  1  45
4  46  t  1  46
4  47  y  1  47
4  48  u  1  48
4  49  i  1  49
4  50  o  1  50
4  51  p  1  51
4  52  a  1  52
4  53  s  1  53
4  54  d  1  54
4  55  f  1  55
4  56  g  1  56
4  57  h  1  57
4  58  j  1  58
4  59  k  1  59
4  60  l  1  60
4  61  z  1  61
4  62  x  1  62
4  63  c  1  63
4  64  v  1  64
4  65  b  1  65
4  66  n  1  66
4  67  m  1  67
5  42  q  1  42
5  43  w  1  43
5  44  e  1  44
5  45  r  1  45
5  46  t  1  46
5  47  y  1  47
5  48  u  1  48
5  49  i  1  49
5  50  o  1  50
5  51  p  1  51
5  52  a  1  52
5  53  s  1  53
5  54  d  1  54
5  55  f  1  55
5  56  g  1  56
5  57  h  1  57
5  58  j  1  58
5  59  k  1  59
5  60  l  1  60
5  61  z  1  61
5  62  x  1  62
5  63  c  1  63
5  64  v  1  64
5  65  b  1  65
5  66  n  1  66
5  67  m  1  67
6  42  q  1  42
6  43  w  1  43
6  44  e  1  44
6  45  r  1  45
6  46  t  1  46
6  47  y  1  47
6  48  u  1  48
6  49  i  1  49
6  50  o  1  50
6  51  p  1  51
6  52  a  1  52
6  53  s  1  53
6  54  d  1  54
6  55  f  1  55
6  56  g  1  56
6  57  h  1  57
6  58  j  1  58
6  59  k  1  59
6  60  l  1  60
6  61  z  1  61
6  62  x  1  62
6  63  c  1  63
6  64  v  1  64
6  65  b  1  65
6  66  n  1  66
6  67  m  1  67
7  42  q  1  42
7  43  w  1  43
7  44  e  1  44
7  45  r  1  45
7  46  t  1  46
7  47  y  1  47
7  48  u  1  48
7  49  i  1  49
7  50  o  1  50
7  51  p  1  51
7  52  a  1  52
7  53  s  1  53
7  54  d  1  54
7  55  f  1  55
7  56  g  1  56
7  57  h  1  57
7  58  j  1  58
7  59  k  1  59
7  60  l  1  60
7  61  z  1  61
7  62  x  1  62
7  63  c  1  63
7  64  v  1  64
7  65  b  1  65
7  66  n  1  66
7  67  m  1  67
8  42  q  1  42
8  43  w  1  43
8  44  e  1  44
8  45  r  1  45
8  46  t  1  46
8  47  y  1  47
8  48  u  1  48
8  49  i  1  49
8  50  o  1  50
8  51  p  1  51
8  52  a  1  52
8  53  s  1  53
8  54  d  1  54
8  55  f  1  55
8  56  g  1  56
8  57  h  1  57
8  58  j  1  58
8  59  k  1  59
8  60  l  1  60
8  61  z  1  61
8  62  x  1  62
8  63  c  1  63
8  64  v  1  64
8  65  b  1  65
8  66  n  1  66
8  67  m  1  67
9  42  q  1  42
9  43  w  1  43
9  44  e  1  44
9  45  r  1  45
9  46  t  1  46
9  47  y  1  47
9  48  u  1  48
9  49  i  1  49
9  50  o  1  50
9  51  p  1  51
9  52  a  1  52
9  53  s  1  53
9  54  d  1  54
9  55  f  1  55
9  56  g  1  56
9  57  h  1  57
9  58  j  1  58
9  59  k  1  59
9  60  l  1  60
9  61  z  1  61
9  62  x  1  62
9  63  c  1  63
9  64  v  1  64
9  65  b  1  65
9  66  n  1  66
9  67  m  1  67
10  42  q  1  42
10  43  w  1  43
10  44  e  1  44
10  45  r  1  45
10  46  t  1  46
10  47  y  1  47
10  48  u  1  48
10  49  i  1  49
10  50  o  1  50
10  51  p  1  51
10  52  a  1  52
10  53  s  1  53
10  54  d  1  54
10  55  f  1  55
10  56  g  1  56
10  57  h  1  57
10  58  j  1  58
10  59  k  1  59
10  60  l  1  60
10  61  z  1  61
10  62  x  1  62
10  63  c  1  63
10  64  v  1  64
10  65  b  1  65
10  66  n  1  66
10  67  m  1  67
11  42  q  1  42
11  43  w  1  43
11  44  e  1  44
11  45  r  1  45
11  46  t  1  46
11  47  y  1  47
11  48  u  1  48
11  49  i  1  49
11  50  o  1  50
11  51  p  1  51
11  52  a  1  52
11  53  s  1  53
11  54  d  1  54
11  55  f  1  55
11  56  g  1  56
11  57  h  1  57
11  58  j  1  58
11  59  k  1  59
11  60  l  1  60
11  61  z  1  61
11  62  x  1  62
11  63  c  1  63
11  64  v  1  64
11  65  b  1  65
11  66  n  1  66
11  67  m  1  67
12  42  q  1  42
12  43  w  1  43
12  44  e  1  44
12  45  r  1  45
12  46  t  1  46
12  47  y  1  47
12  48  u  1  48
12  49  i  1  49
12  50  o  1  50
12  51  p  1  51
12  52  a  1  52
12  53  s  1  53
12  54  d  1  54
12  55  f  1  55
12  56  g  1  56
12  57  h  1  57
12  58  j  1  58
12  59  k  1  59
12  60  l  1  60
12  61  z  1  61
12  62  x  1  62
12  63  c  1  63
12  64  v  1  64
12  65  b  1  65
12  66  n  1  66
12  67  m  1  67
13  42  q  1  42
13  43  w  1  43
13  44  e  1  44
13  45  r  1  45
13  46  t  1  46
13  47  y  1  47
13  48  u  1  48
13  49  i  1  49
13  50  o  1  50
13  51  p  1  51
13  52  a  1  52
13  53  s  1  53
13  54  d  1  54
13  55  f  1  55
13  56  g  1  56
13  57  h  1  57
13  58  j  1  58
13  59  k  1  59
13  60  l  1  60
13  61  z  1  61
13  62  x  1  62
13  63  c  1  63
13  64  v  1  64
13  65  b  1  65
13  66  n  1  66
13  67  m  1  67
14  42  q  1  42
14  43  w  1  43
14  44  e  1  44
14  45  r  1  45
14  46  t  1  46
14  47  y  1  47
14  48  u  1  48
14  49  i  1  49
14  50  o  1  50
14  51  p  1  51
14  52  a  1  52
14  53  s  1  53
14  54  d  1  54
14  55  f  1  55
14  56  g  1  56
14  57  h  1  57
14  58  j  1  58
14  59  k  1  59
14  60  l  1  60
14  61  z  1  61
14  62  x  1  62
14  63  c  1  63
14  64  v  1  64
14  65  b  1  65
14  66  n  1  66
14  67  m  1  67
15  42  q  1  42
15  43  w  1  43
15  44  e  1  44
15  45  r  1  45
15  46  t  1  46
15  47  y  1  47
15  48  u  1  48
15  49  i  1  49
15  50  o  1  50
15  51  p  1  51
15  52  a  1  52
15  53  s  1  53
15  54  d  1  54
15  55  f  1  55
15  56  g  1  56
15  57  h  1  57
15  58  j  1  58
15  59  k  1  59
15  60  l  1  60
15  61  z  1  61
15  62  x  1  62
15  63  c  1  63
15  64  v  1  64
15  65  b  1  65
15  66  n  1  66
15  67  m  1  67
16  42  q  1  42
16  43  w  1  43
16  44  e  1  44
16  45  r  1  45
16  46  t  1  46
16  47  y  1  47
16  48  u  1  48
16  49  i  1  49
16  50  o  1  50
16  51  p  1  51
16  52  a  1  52
16  53  s  1  53
16  54  d  1  54
16  55  f  1  55
16  56  g  1  56
16  57  h  1  57
16  58  j  1  58
16  59  k  1  59
16  60  l  1  60
16  61  z  1  61
16  62  x  1  62
16  63  c  1  63
16  64  v  1  64
16  65  b  1  65
16  66  n  1  66
16  67  m  1  67
17  42  q  1  42
17  43  w  1  43
17  44  e  1  44
17  45  r  1  45
17  46  t  1  46
17  47  y  1  47
17  48  u  1  48
17  49  i  1  49
17  50  o  1  50
17  51  p  1  51
17  52  a  1  52
17  53  s  1  53
17  54  d  1  54
17  55  f  1  55
17  56  g  1  56
17  57  h  1  57
17  58  j  1  58
17  59  k  1  59
17  60  l  1  60
17  61  z  1  61
17  62  x  1  62
17  63  c  1  63
17  64  v  1  64
17  65  b  1  65
17  66  n  1  66
17  67  m  1  67
18  42  q  1  42
18  43  w  1  43
18  44  e  1  44
18  45  r  1  45
18  46  t  1  46
18  47  y  1  47
18  48  u  1  48
18  49  i  1  49
18  50  o  1  50
18  51  p  1  51
18  52  a  1  52
18  53  s  1  53
18  54  d  1  54
18  55  f  1  55
18  56  g  1  56
18  57  h  1  57
18  58  j  1  58
18  59  k  1  59
18  60  l  1  60
18  61  z  1  61
18  62  x  1  62
18  63  c  1  63
18  64  v  1  64
18  65  b  1  65
18  66  n  1  66
18  67  m  1  67
19  42  q  1  42
19  43  w  1  43
19  44  e  1  44
19  45  r  1  45
19  46  t  1  46
19  47  y  1  47
19  48  u  1  48
19  49  i  1  49
19  50  o  1  50
19  51  p  1  51
19  52  a  1  52
19  53  s  1  53
19  54  d  1  54
19  55  f  1  55
19  56  g  1  56
19  57  h  1  57
19  58  j  1  58
19  59  k  1  59
19  60  l  1  60
19  61  z  1  61
19  62  x  1  62
19  63  c  1  63
19  64  v  1  64
19  65  b  1  65
19  66  n  1  66
19  67  m  1  67
20  42  q  1  42
20  43  w  1  43
20  44  e  1  44
20  45  r  1  45
20  46  t  1  46
20  47  y  1  47
20  48  u  1  48
20  49  i  1  49
20  50  o  1  50
20  51  p  1  51
20  52  a  1  52
20  53  s  1  53
20  54  d  1  54
20  55  f  1  55
20  56  g  1  56
20  57  h  1  57
20  58  j  1  58
20  59  k  1  59
20  60  l  1  60
20  61  z  1  61
20  62  x  1  62
20  63  c  1  63
20  64  v  1  64
20  65  b  1  65
20  66  n  1  66
20  67  m  1  67
21  42  q  1  42
21  43  w  1  43
21  44  e  1  44
21  45  r  1  45
21  46  t  1  46
21  47  y  1  47
21  48  u  1  48
21  49  i  1  49
21  50  o  1  50
21  51  p  1  51
21  52  a  1  52
21  53  s  1  53
21  54  d  1  54
21  55  f  1  55
21  56  g  1  56
21  57  h  1  57
21  58  j  1  58
21  59  k  1  59
21  60  l  1  60
21  61  z  1  61
21  62  x  1  62
21  63  c  1  63
21  64  v  1  64
21  65  b  1  65
21  66  n  1  66
21  67  m  1  67
22  42  q  1  42
22  43  w  1  43
22  44  e  1  44
22  45  r  1  45
22  46  t  1  46
22  47  y  1  47
22  48  u  1  48
22  49  i  1  49
22  50  o  1  50
22  51  p  1  51
22  52  a  1  52
22  53  s  1  53
22  54  d  1  54
22  55  f  1  55
22  56  g  1  56
22  57  h  1  57
22  58  j  1  58
22  59  k  1  59
22  60  l  1  60
22  61  z  1  61
22  62  x  1  62
22  63  c  1  63
22  64  v  1  64
22  65  b  1  65
22  66  n  1  66
22  67  m  1  67
23  42  q  1  42
23  43  w  1  43
23  44  e  1  44
23  45  r  1  45
23  46  t  1  46
23  47  y  1  47
23  48  u  1  48
23  49  i  1  49
23  50  o  1  50
23  51  p  1  51
23  52  a  1  52
23  53  s  1  53
23  54  d  1  54
23  55  f  1  55
23  56  g  1  56
23  57  h  1  57
23  58  j  1  58
23  59  k  1  59
23  60  l  1  60
23  61  z  1  61
23  62  x  1  62
23  63  c  1  63
23  64  v  1  64
23  65  b  1  65
23  66  n  1  66
23  67  m  1  67
24  42  q  1  42
24  43  w  1  43
24  44  e  1  44
24  45  r  1  45
24  46  t  1  46
24  47  y  1  47
24  48  u  1  48
24  49  i  1  49
24  50  o  1  50
24  51  p  1  51
24  52  a  1  52
24  53  s  1  53
24  54  d  1  54
24  55  f  1  55
24  56  g  1  56
24  57  h  1  57
24  58  j  1  58
24  59  k  1  59
24  60  l  1  60
24  61  z  1  61
24  62  x  1  62
24  63  c  1  63
24  64  v  1  64
24  65  b  1  65
24  66  n  1  66
24  67  m  1  67
25  42  q  1  42
25  43  w  1  43
25  44  e  1  44
25  45  r  1  45
25  46  t  1  46
25  47  y  1  47
25  48  u  1  48
25  49  i  1  49
25  50  o  1  50
25  51  p  1  51
25  52  a  1  52
25  53  s  1  53
25  54  d  1  54
25  55  f  1  55
25  56  g  1  56
25  57  h  1  57
25  58  j  1  58
25  59  k  1  59
25  60  l  1  60
25  61  z  1  61
25  62  x  1  62
25  63  c  1  63
25  64  v  1  64
25  65  b  1  65
25  66  n  1  66
25  67  m  1  67
26  42  q  1  42
26  43  w  1  43
26  44  e  1  44
26  45  r  1  45
26  46  t  1  46
26  47  y  1  47
26  48  u  1  48
26  49  i  1  49
26  50  o  1  50
26  51  p  1  51
26  52  a  1  52
26  53  s  1  53
26  54  d  1  54
26  55  f  1  55
26  56  g  1  56
26  57  h  1  57
26  58  j  1  58
26  59  k  1  59
26  60  l  1  60
26  61  z  1  61
26  62  x  1  62
26  63  c  1  63
26  64  v  1  64
26  65  b  1  65
26  66  n  1  66
26  67  m  1  67
27  68  1  1  68
27  69  2  1  69
27  70  3  1  70
27  71  4  1  71
27  72  5  1  72
27  73  6  1  73
27  74  7  1  74
27  75  8  1  75
27  76  9  1  76
28  68  1  1  68
28  69  2  1  69
28  70  3  1  70
28  71  4  1  71
28  72  5  1  72
28  73  6  1  73
28  74  7  1  74
28  75  8  1  75
28  76  9  1  76
29  68  1  1  68
29  69  2  1  69
29  70  3  1  70
29  71  4  1  71
29  72  5  1  72
29  73  6  1  73
29  74  7  1  74
29  75  8  1  75
29  76  9  1  76
30  68  1  1  68
30  69  2  1  69
30  70  3  1  70
30  71  4  1  71
30  72  5  1  72
30  73  6  1  73
30  74  7  1  74
30  75  8  1  75
30  76  9  1  76
31  68  1  1  68
31  69  2  1  69
31  70  3  1  70
31  71  4  1  71
31  72  5  1  72
31  73  6  1  73
31  74  7  1  74
31  75  8  1  75
31  76  9  1  76
32  68  1  1  68
32  69  2  1  69
32  70  3  1  70
32  71  4  1  71
32  72  5  1  72
32  73  6  1  73
32  74  7  1  74
32  75  8  1  75
32  76  9  1  76
33  68  1  1  68
33  69  2  1  69
33  70  3  1  70
33  71  4  1  71
33  72  5  1  72
33  73  6  1  73
33  74  7  1  74
33  75  8  1  75
33  76  9  1  76
34  68  1  1  68
34  69  2  1  69
34  70  3  1  70
34  71  4  1  71
34  72  5  1  72
34  73  6  1  73
34  74  7  1  74
34  75  8  1  75
34  76  9  1  76
35  68  1  1  68
35  69  2  1  69
35  70  3  1  70
35  71  4  1  71
35  72  5  1  72
35  73  6  1  73
35  74  7  1  74
35  75  8  1  75
35  76  9  1  76
42  42  q  1  42
42  43  w  1  43
42  44  e  1  44
42  45  r  1  45
42  46  t  1  46
42  47  y  1  47
42  48  u  1  48
42  49  i  1  49
42  50  o  1  50
42  51  p  1  51
42  52  a  1  52
42  53  s  1  53
42  54  d  1  54
42  55  f  1  55
42  56  g  1  56
42  57  h  1  57
42  58  j  1  58
42  59  k  1  59
42  60  l  1  60
42  61  z  1  61
42  62  x  1  62
42  63  c  1  63
42  64  v  1  64
42  65  b  1  65
42  66  n  1  66
42  67  m  1  67
43  42  q  1  42
43  43  w  1  43
43  44  e  1  44
43  45  r  1  45
43  46  t  1  46
43  47  y  1  47
43  48  u  1  48
43  49  i  1  49
43  50  o  1  50
43  51  p  1  51
43  52  a  1  52
43  53  s  1  53
43  54  d  1  54
43  55  f  1  55
43  56  g  1  56
43  57  h  1  57
43  58  j  1  58
43  59  k  1  59
43  60  l  1  60
43  61  z  1  61
43  62  x  1  62
43  63  c  1  63
43  64  v  1  64
43  65  b  1  65
43  66  n  1  66
43  67  m  1  67
44  42  q  1  42
44  43  w  1  43
44  44  e  1  44
44  45  r  1  45
44  46  t  1  46
44  47  y  1  47
44  48  u  1  48
44  49  i  1  49
44  50  o  1  50
44  51  p  1  51
44  52  a  1  52
44  53  s  1  53
44  54  d  1  54
44  55  f  1  55
44  56  g  1  56
44  57  h  1  57
44  58  j  1  58
44  59  k  1  59
44  60  l  1  60
44  61  z  1  61
44  62  x  1  62
44  63  c  1  63
44  64  v  1  64
44  65  b  1  65
44  66  n  1  66
44  67  m  1  67
45  42  q  1  42
45  43  w  1  43
45  44  e  1  44
45  45  r  1  45
45  46  t  1  46
45  47  y  1  47
45  48  u  1  48
45  49  i  1  49
45  50  o  1  50
45  51  p  1  51
45  52  a  1  52
45  53  s  1  53
45  54  d  1  54
45  55  f  1  55
45  56  g  1  56
45  57  h  1  57
45  58  j  1  58
45  59  k  1  59
45  60  l  1  60
45  61  z  1  61
45  62  x  1  62
45  63  c  1  63
45  64  v  1  64
45  65  b  1  65
45  66  n  1  66
45  67  m  1  67
46  42  q  1  42
46  43  w  1  43
46  44  e  1  44
46  45  r  1  45
46  46  t  1  46
46  47  y  1  47
46  48  u  1  48
46  49  i  1  49
46  50  o  1  50
46  51  p  1  51
46  52  a  1  52
46  53  s  1  53
46  54  d  1  54
46  55  f  1  55
46  56  g  1  56
46  57  h  1  57
46  58  j  1  58
46  59  k  1  59
46  60  l  1  60
46  61  z  1  61
46  62  x  1  62
46  63  c  1  63
46  64  v  1  64
46  65  b  1  65
46  66  n  1  66
46  67  m  1  67
47  42  q  1  42
47  43  w  1  43
47  44  e  1  44
47  45  r  1  45
47  46  t  1  46
47  47  y  1  47
47  48  u  1  48
47  49  i  1  49
47  50  o  1  50
47  51  p  1  51
47  52  a  1  52
47  53  s  1  53
47  54  d  1  54
47  55  f  1  55
47  56  g  1  56
47  57  h  1  57
47  58  j  1  58
47  59  k  1  59
47  60  l  1  60
47  61  z  1  61
47  62  x  1  62
47  63  c  1  63
47  64  v  1  64
47  65  b  1  65
47  66  n  1  66
47  67  m  1  67
48  42  q  1  42
48  43  w  1  43
48  44  e  1  44
48  45  r  1  45
48  46  t  1  46
48  47  y  1  47
48  48  u  1  48
48  49  i  1  49
48  50  o  1  50
48  51  p  1  51
48  52  a  1  52
48  53  s  1  53
48  54  d  1  54
48  55  f  1  55
48  56  g  1  56
48  57  h  1  57
48  58  j  1  58
48  59  k  1  59
48  60  l  1  60
48  61  z  1  61
48  62  x  1  62
48  63  c  1  63
48  64  v  1  64
48  65  b  1  65
48  66  n  1  66
48  67  m  1  67
49  42  q  1  42
49  43  w  1  43
49  44  e  1  44
49  45  r  1  45
49  46  t  1  46
49  47  y  1  47
49  48  u  1  48
49  49  i  1  49
49  50  o  1  50
49  51  p  1  51
49  52  a  1  52
49  53  s  1  53
49  54  d  1  54
49  55  f  1  55
49  56  g  1  56
49  57  h  1  57
49  58  j  1  58
49  59  k  1  59
49  60  l  1  60
49  61  z  1  61
49  62  x  1  62
49  63  c  1  63
49  64  v  1  64
49  65  b  1  65
49  66  n  1  66
49  67  m  1  67
50  42  q  1  42
50  43  w  1  43
50  44  e  1  44
50  45  r  1  45
50  46  t  1  46
50  47  y  1  47
50  48  u  1  48
50  49  i  1  49
50  50  o  1  50
50  51  p  1  51
50  52  a  1  52
50  53  s  1  53
50  54  d  1  54
50  55  f  1  55
50  56  g  1  56
50  57  h  1  57
50  58  j  1  58
50  59  k  1  59
50  60  l  1  60
50  61  z  1  61
50  62  x  1  62
50  63  c  1  63
50  64  v  1  64
50  65  b  1  65
50  66  n  1  66
50  67  m  1  67
51  42  q  1  42
51  43  w  1  43
51  44  e  1  44
51  45  r  1  45
51  46  t  1  46
51  47  y  1  47
51  48  u  1  48
51  49  i  1  49
51  50  o  1  50
51  51  p  1  51
51  52  a  1  52
51  53  s  1  53
51  54  d  1  54
51  55  f  1  55
51  56  g  1  56
51  57  h  1  57
51  58  j  1  58
51  59  k  1  59
51  60  l  1  60
51  61  z  1  61
51  62  x  1  62
51  63  c  1  63
51  64  v  1  64
51  65  b  1  65
51  66  n  1  66
51  67  m  1  67
52  42  q  1  42
52  43  w  1  43
52  44  e  1  44
52  45  r  1  45
52  46  t  1  46
52  47  y  1  47
52  48  u  1  48
52  49  i  1  49
52  50  o  1  50
52  51  p  1  51
52  52  a  1  52
52  53  s  1  53
52  54  d  1  54
52  55  f  1  55
52  56  g  1  56
52  57  h  1  57
52  58  j  1  58
52  59  k  1  59
52  60  l  1  60
52  61  z  1  61
52  62  x  1  62
52  63  c  1  63
52  64  v  1  64
52  65  b  1  65
52  66  n  1  66
52  67  m  1  67
53  42  q  1  42
53  43  w  1  43
53  44  e  1  44
53  45  r  1  45
53  46  t  1  46
53  47  y  1  47
53  48  u  1  48
53  49  i  1  49
53  50  o  1  50
53  51  p  1  51
53  52  a  1  52
53  53  s  1  53
53  54  d  1  54
53  55  f  1  55
53  56  g  1  56
53  57  h  1  57
53  58  j  1  58
53  59  k  1  59
53  60  l  1  60
53  61  z  1  61
53  62  x  1  62
53  63  c  1  63
53  64  v  1  64
53  65  b  1  65
53  66  n  1  66
53  67  m  1  67
54  42  q  1  42
54  43  w  1  43
54  44  e  1  44
54  45  r  1  45
54  46  t  1  46
54  47  y  1  47
54  48  u  1  48
54  49  i  1  49
54  50  o  1  50
54  51  p  1  51
54  52  a  1  52
54  53  s  1  53
54  54  d  1  54
54  55  f  1  55
54  56  g  1  56
54  57  h  1  57
54  58  j  1  58
54  59  k  1  59
54  60  l  1  60
54  61  z  1  61
54  62  x  1  62
54  63  c  1  63
54  64  v  1  64
54  65  b  1  65
54  66  n  1  66
54  67  m  1  67
55  42  q  1  42
55  43  w  1  43
55  44  e  1  44
55  45  r  1  45
55  46  t  1  46
55  47  y  1  47
55  48  u  1  48
55  49  i  1  49
55  50  o  1  50
55  51  p  1  51
55  52  a  1  52
55  53  s  1  53
55  54  d  1  54
55  55  f  1  55
55  56  g  1  56
55  57  h  1  57
55  58  j  1  58
55  59  k  1  59
55  60  l  1  60
55  61  z  1  61
55  62  x  1  62
55  63  c  1  63
55  64  v  1  64
55  65  b  1  65
55  66  n  1  66
55  67  m  1  67
56  42  q  1  42
56  43  w  1  43
56  44  e  1  44
56  45  r  1  45
56  46  t  1  46
56  47  y  1  47
56  48  u  1  48
56  49  i  1  49
56  50  o  1  50
56  51  p  1  51
56  52  a  1  52
56  53  s  1  53
56  54  d  1  54
56  55  f  1  55
56  56  g  1  56
56  57  h  1  57
56  58  j  1  58
56  59  k  1  59
56  60  l  1  60
56  61  z  1  61
56  62  x  1  62
56  63  c  1  63
56  64  v  1  64
56  65  b  1  65
56  66  n  1  66
56  67  m  1  67
57  42  q  1  42
57  43  w  1  43
57  44  e  1  44
57  45  r  1  45
57  46  t  1  46
57  47  y  1  47
57  48  u  1  48
57  49  i  1  49
57  50  o  1  50
57  51  p  1  51
57  52  a  1  52
57  53  s  1  53
57  54  d  1  54
57  55  f  1  55
57  56  g  1  56
57  57  h  1  57
57  58  j  1  58
57  59  k  1  59
57  60  l  1  60
57  61  z  1  61
57  62  x  1  62
57  63  c  1  63
57  64  v  1  64
57  65  b  1  65
57  66  n  1  66
57  67  m  1  67
58  42  q  1  42
58  43  w  1  43
58  44  e  1  44
58  45  r  1  45
58  46  t  1  46
58  47  y  1  47
58  48  u  1  48
58  49  i  1  49
58  50  o  1  50
58  51  p  1  51
58  52  a  1  52
58  53  s  1  53
58  54  d  1  54
58  55  f  1  55
58  56  g  1  56
58  57  h  1  57
58  58  j  1  58
58  59  k  1  59
58  60  l  1  60
58  61  z  1  61
58  62  x  1  62
58  63  c  1  63
58  64  v  1  64
58  65  b  1  65
58  66  n  1  66
58  67  m  1  67
59  42  q  1  42
59  43  w  1  43
59  44  e  1  44
59  45  r  1  45
59  46  t  1  46
59  47  y  1  47
59  48  u  1  48
59  49  i  1  49
59  50  o  1  50
59  51  p  1  51
59  52  a  1  52
59  53  s  1  53
59  54  d  1  54
59  55  f  1  55
59  56  g  1  56
59  57  h  1  57
59  58  j  1  58
59  59  k  1  59
59  60  l  1  60
59  61  z  1  61
59  62  x  1  62
59  63  c  1  63
59  64  v  1  64
59  65  b  1  65
59  66  n  1  66
59  67  m  1  67
60  42  q  1  42
60  43  w  1  43
60  44  e  1  44
60  45  r  1  45
60  46  t  1  46
60  47  y  1  47
60  48  u  1  48
60  49  i  1  49
60  50  o  1  50
60  51  p  1  51
60  52  a  1  52
60  53  s  1  53
60  54  d  1  54
60  55  f  1  55
60  56  g  1  56
60  57  h  1  57
60  58  j  1  58
60  59  k  1  59
60  60  l  1  60
60  61  z  1  61
60  62  x  1  62
60  63  c  1  63
60  64  v  1  64
60  65  b  1  65
60  66  n  1  66
60  67  m  1  67
61  42  q  1  42
61  43  w  1  43
61  44  e  1  44
61  45  r  1  45
61  46  t  1  46
61  47  y  1  47
61  48  u  1  48
61  49  i  1  49
61  50  o  1  50
61  51  p  1  51
61  52  a  1  52
61  53  s  1  53
61  54  d  1  54
61  55  f  1  55
61  56  g  1  56
61  57  h  1  57
61  58  j  1  58
61  59  k  1  59
61  60  l  1  60
61  61  z  1  61
61  62  x  1  62
61  63  c  1  63
61  64  v  1  64
61  65  b  1  65
61  66  n  1  66
61  67  m  1  67
62  42  q  1  42
62  43  w  1  43
62  44  e  1  44
62  45  r  1  45
62  46  t  1  46
62  47  y  1  47
62  48  u  1  48
62  49  i  1  49
62  50  o  1  50
62  51  p  1  51
62  52  a  1  52
62  53  s  1  53
62  54  d  1  54
62  55  f  1  55
62  56  g  1  56
62  57  h  1  57
62  58  j  1  58
62  59  k  1  59
62  60  l  1  60
62  61  z  1  61
62  62  x  1  62
62  63  c  1  63
62  64  v  1  64
62  65  b  1  65
62  66  n  1  66
62  67  m  1  67
63  42  q  1  42
63  43  w  1  43
63  44  e  1  44
63  45  r  1  45
63  46  t  1  46
63  47  y  1  47
63  48  u  1  48
63  49  i  1  49
63  50  o  1  50
63  51  p  1  51
63  52  a  1  52
63  53  s  1  53
63  54  d  1  54
63  55  f  1  55
63  56  g  1  56
63  57  h  1  57
63  58  j  1  58
63  59  k  1  59
63  60  l  1  60
63  61  z  1  61
63  62  x  1  62
63  63  c  1  63
63  64  v  1  64
63  65  b  1  65
63  66  n  1  66
63  67  m  1  67
64  42  q  1  42
64  43  w  1  43
64  44  e  1  44
64  45  r  1  45
64  46  t  1  46
64  47  y  1  47
64  48  u  1  48
64  49  i  1  49
64  50  o  1  50
64  51  p  1  51
64  52  a  1  52
64  53  s  1  53
64  54  d  1  54
64  55  f  1  55
64  56  g  1  56
64  57  h  1  57
64  58  j  1  58
64  59  k  1  59
64  60  l  1  60
64  61  z  1  61
64  62  x  1  62
64  63  c  1  63
64  64  v  1  64
64  65  b  1  65
64  66  n  1  66
64  67  m  1  67
65  42  q  1  42
65  43  w  1  43
65  44  e  1  44
65  45  r  1  45
65  46  t  1  46
65  47  y  1  47
65  48  u  1  48
65  49  i  1  49
65  50  o  1  50
65  51  p  1  51
65  52  a  1  52
65  53  s  1  53
65  54  d  1  54
65  55  f  1  55
65  56  g  1  56
65  57  h  1  57
65  58  j  1  58
65  59  k  1  59
65  60  l  1  60
65  61  z  1  61
65  62  x  1  62
65  63  c  1  63
65  64  v  1  64
65  65  b  1  65
65  66  n  1  66
65  67  m  1  67
66  42  q  1  42
66  43  w  1  43
66  44  e  1  44
66  45  r  1  45
66  46  t  1  46
66  47  y  1  47
66  48  u  1  48
66  49  i  1  49
66  50  o  1  50
66  51  p  1  51
66  52  a  1  52
66  53  s  1  53
66  54  d  1  54
66  55  f  1  55
66  56  g  1  56
66  57  h  1  57
66  58  j  1  58
66  59  k  1  59
66  60  l  1  60
66  61  z  1  61
66  62  x  1  62
66  63  c  1  63
66  64  v  1  64
66  65  b  1  65
66  66  n  1  66
66  67  m  1  67
67  42  q  1  42
67  43  w  1  43
67  44  e  1  44
67  45  r  1  45
67  46  t  1  46
67  47  y  1  47
67  48  u  1  48
67  49  i  1  49
67  50  o  1  50
67  51  p  1  51
67  52  a  1  52
67  53  s  1  53
67  54  d  1  54
67  55  f  1  55
67  56  g  1  56
67  57  h  1  57
67  58  j  1  58
67  59  k  1  59
67  60  l  1  60
67  61  z  1  61
67  62  x  1  62
67  63  c  1  63
67  64  v  1  64
67  65  b  1  65
67  66  n  1  66
67  67  m  1  67
68  68  1  1  68
68  69  2  1  69
68  70  3  1  70
68  71  4  1  71
68  72  5  1  72
68  73  6  1  73
68  74  7  1  74
68  75  8  1  75
68  76  9  1  76
69  68  1  1  68
69  69  2  1  69
69  70  3  1  70
69  71  4  1  71
69  72  5  1  72
69  73  6  1  73
69  74  7  1  74
69  75  8  1  75
69  76  9  1  76
70  68  1  1  68
70  69  2  1  69
70  70  3  1  70
70  71  4  1  71
70  72  5  1  72
70  73  6  1  73
70  74  7  1  74
70  75  8  1  75
70  76  9  1  76
71  68  1  1  68
71  69  2  1  69
71  70  3  1  70
71  71  4  1  71
71  72  5  1  72
71  73  6  1  73
71  74  7  1  74
71  75  8  1  75
71  76  9  1  76
72  68  1  1  68
72  69  2  1  69
72  70  3  1  70
72  71  4  1  71
72  72  5  1  72
72  73  6  1  73
72  74  7  1  74
72  75  8  1  75
72  76  9  1  76
73  68  1  1  68
73  69  2  1  69
73  70  3  1  70
73  71  4  1  71
73  72  5  1  72
73  73  6  1  73
73  74  7  1  74
73  75  8  1  75
73  76  9  1  76
74  68  1  1  68
74  69  2  1  69
74  70  3  1  70
74  71  4  1  71
74  72  5  1  72
74  73  6  1  73
74  74  7  1  74
74  75  8  1  75
74  76  9  1  76
75  68  1  1  68
75  69  2  1  69
75  70  3  1  70
75  71  4  1  71
75  72  5  1  72
75  73  6  1  73
75  74  7  1  74
75  75  8  1  75
75  76  9  1  76
76  68  1  1  68
76  69  2  1  69
76  70  3  1  70
76  71  4  1  71
76  72  5  1  72
76  73  6  1  73
76  74  7  1  74
76  75  8  1  75
76  76  9  1  76
